x =

  Columns 1 through 5

   3.5438e+01  -2.5103e+00  -2.0764e-02  -3.1979e-02   4.4245e-02
  -5.2703e+00  -1.1377e+01  -1.3268e-01  -2.4094e-01  -2.0414e-02
  -7.9829e+00  -1.3814e+00   6.5046e-01   6.6562e-01   3.3370e-01
   1.0268e+01   2.8591e+00   1.4481e-01   1.6671e-01   7.1408e-02
   4.0060e-01  -2.1217e+00  -6.1000e-01   4.8470e-01  -4.7222e-01
  -1.9140e+00   1.1085e+00  -3.2122e-01  -3.2611e-01  -1.7011e-01
   1.8990e+00  -1.1902e-01   1.1953e+00  -9.8936e-03  -4.7910e-01
   4.9968e-01   4.0858e-01  -1.0208e+00   2.1833e-01   1.0979e-01
  -8.7473e-01  -3.3476e-01   3.1877e-01  -1.1905e-01   2.3047e-01
   3.8013e-01   1.0474e-01   1.7809e-02   2.4609e-02  -1.4810e-01

  Columns 6 through 10

   3.1971e-02   2.4584e-04  -4.1247e-03   6.2310e-03   6.9070e-03
  -3.1244e-02   5.2514e-05   3.1142e-03   8.5694e-03   7.9613e-03
   3.7543e-02   1.4833e-04  -3.6371e-02  -2.4359e-02  -6.7201e-03
  -1.7783e-01  -9.9367e-04   3.1048e-02  -5.3438e-03   3.5841e-04
   4.5168e-02   9.6162e-03   7.3230e-02   1.4291e-02   1.4089e-03
   1.7243e-02   4.7478e-04   5.5651e-04  -2.5939e-02  -4.3783e-02
  -2.7519e-02  -2.1743e-02  -5.5717e-02  -4.3750e-03   9.2582e-03
  -4.3534e-02  -4.6547e-02  -1.0371e-01   2.1095e-03   7.9815e-03
   1.7702e-02  -3.5734e-03  -5.7321e-03   5.6394e-02  -1.8460e-02
  -1.1395e-02   1.4447e-01  -2.4753e-02  -7.8928e-03   1.2948e-03


eig =

   1.5581e-04
   1.4599e-03
   7.2754e-02
   2.2968e-01
   3.2065e-01
   5.7785e+00
   9.5544e+00
   9.7363e+00
   5.8110e+01
   8.6408e+01
