x =

  Columns 1 through 5 

   9.2653e-01   2.2281e-01  -2.6021e-02   6.7915e-02  -9.1419e-02
  -1.3982e-01   9.2065e-01   1.9415e-02  -1.6040e-01  -7.5761e-02
  -2.0911e-01   1.0679e-01  -3.4743e-01   7.4332e-01  -2.3846e-01
   2.6908e-01  -2.2677e-01  -7.0728e-02   1.7785e-01  -4.1721e-02
   1.0119e-02   1.7275e-01   3.1015e-01   4.0424e-01   6.9780e-01
  -4.9844e-02  -9.0482e-02   1.7780e-01  -3.8055e-01   1.2994e-01
   4.9624e-02   9.9661e-03  -6.4574e-01  -1.1179e-01   5.3548e-01
   1.3164e-02  -3.2313e-02   5.4755e-01   2.4486e-01  -5.7324e-02
  -2.2950e-02   2.6451e-02  -1.6888e-01  -6.8899e-02  -3.1405e-01
   9.9630e-03  -8.2702e-03  -1.1255e-02  -8.7865e-03   1.8664e-01

  Columns 6 through 10 

   2.3804e-01   6.2671e-02   9.0144e-02  -8.5078e-02   4.7853e-02
  -3.0595e-01  -5.1185e-02  -1.7667e-02  -5.6587e-02   3.5710e-02
   1.4111e-01   3.1772e-02   1.4357e-01  -3.2572e-01   2.5913e-01
  -7.9364e-01  -2.8155e-01  -2.7939e-01  -5.6472e-02   2.1773e-01
   1.7392e-01  -1.2300e-01  -3.2156e-01   2.0047e-01   1.8590e-01
   9.1669e-02   6.0313e-02   6.8177e-02  -4.9224e-01   7.3282e-01
  -2.0424e-01   4.2250e-01   2.2156e-01   9.9358e-02   4.5182e-02
  -3.2121e-01   5.1944e-01   4.7528e-01   1.7727e-01   7.3665e-02
   1.2683e-01  -1.2242e-02  -6.6631e-02   7.3775e-01   5.4948e-01
  -1.8034e-02  -6.6778e-01   7.1093e-01   1.1051e-01   3.0040e-02


eig =

   6.8426e-04
   6.5869e-03
   2.8600e-01
   1.0713e+00
   1.4875e+00
   2.5446e+01
   4.1476e+01
   5.1580e+01
   2.3600e+02
   5.4565e+02
