u =

  Columns 1 through 5 

   5.5019e-02  -6.7649e-02   1.1107e-01  -1.3056e-01   1.5907e-01
   3.7744e-02  -4.6272e-02   1.5970e-01   1.2855e-03  -3.4160e-02
   2.9137e-01  -2.6158e-01   7.5354e-01  -2.8733e-01   3.4373e-01
   2.3909e-01  -4.2279e-02   4.1248e-01   4.8542e-01  -5.9978e-01
   2.1434e-01   1.6069e-01   7.6703e-02   3.5403e-01  -1.5027e-01
   8.0526e-01  -3.6228e-01  -4.5909e-01  -5.0698e-02   2.1275e-02
   4.0412e-02   8.4720e-02  -3.4884e-02  -1.5873e-02   4.2818e-03
   6.9049e-02   1.4923e-01  -3.3001e-02  -1.5978e-01  -1.0996e-01
   3.9076e-01   8.5809e-01   6.7948e-02  -1.1965e-01   1.5356e-01
   2.6047e-03   1.5335e-02   2.4887e-02  -7.0480e-01  -6.6100e-01

  Columns 6 through 10 

  -1.2689e-02   9.7304e-02  -1.6740e-02  -9.6164e-01  -5.5167e-02
  -6.4101e-03  -1.5677e-01   3.4614e-02   5.7293e-02  -9.6988e-01
  -6.1019e-02   8.8904e-02   3.3239e-03   2.2000e-01   1.3456e-01
   3.0163e-02  -3.6126e-01   9.9238e-04  -1.4643e-01   1.5059e-01
  -1.1697e-01   8.6342e-01  -1.3766e-02   3.2826e-02  -1.1828e-01
   3.8878e-02  -6.5036e-02  -7.2757e-04   2.2784e-02  -1.6213e-02
  -5.6257e-01  -7.3051e-02   8.1622e-01  -2.1001e-02   3.5031e-02
  -7.7515e-01  -1.1020e-01  -5.6677e-01   2.2831e-03  -3.3624e-03
   2.0771e-01  -1.5762e-01   2.0034e-02  -7.7946e-03   4.2485e-03
   1.3958e-01   1.8840e-01   1.0234e-01   3.8328e-03  -1.6829e-03


v =

  Columns 1 through 5 

   6.1363e-04  -1.2242e-03   7.7473e-03  -1.2769e-02   1.7415e-02
   3.3677e-04  -6.6988e-04   8.9113e-03   1.0058e-04  -2.9918e-03
   4.4110e-02  -6.5602e-02   7.1384e-01  -3.9780e-01   5.2793e-01
   4.7174e-02  -3.8062e-02   6.2981e-01   3.0644e-01  -4.3981e-01
   3.4794e-02   9.0505e-03   2.5972e-01   4.0760e-01  -3.3963e-01
   8.0003e-01  -5.9004e-01  -9.2814e-02  -2.1476e-02  -2.4694e-02
   1.7156e-02  -4.1452e-03  -5.5325e-02   8.1841e-03  -4.7380e-03
   2.9199e-02   1.4093e-02  -9.3448e-02  -1.0255e-01  -9.2645e-02
   5.9370e-01   7.9863e-01   1.3280e-02   4.5582e-02   7.9476e-02
   2.4327e-02   8.8272e-02   3.7167e-02  -7.5069e-01  -6.2894e-01
   4.7811e-03   5.8159e-03   1.0700e-02   6.9248e-02  -3.2903e-02
   1.7962e-02  -1.3112e-02  -6.4044e-02  -9.9165e-03   4.6582e-03

  Columns 6 through 10 

  -1.5114e-03   1.5330e-02  -6.7056e-03  -9.9504e-01  -6.7639e-02
  -6.1081e-04  -1.9759e-02   1.1092e-02   4.7426e-02  -9.5132e-01
  -9.8788e-02   1.8575e-01   1.9110e-02   2.3531e-02   6.1441e-03
  -9.5134e-03  -5.4438e-01   4.5240e-02  -7.0589e-03  -1.7757e-02
  -9.7590e-02   7.5419e-01  -3.5555e-02  -1.2368e-02   6.5222e-02
   3.1891e-02   7.5056e-03  -1.5403e-02  -8.1975e-04   7.0213e-04
  -2.0198e-01   3.0696e-02   9.7706e-01  -7.0900e-03   1.0037e-02
  -9.6057e-01  -8.9361e-02  -2.0109e-01   4.3531e-04  -4.4456e-04
   1.8863e-02  -2.8031e-02  -1.5030e-03  -1.6223e-04   7.1574e-05
   1.2206e-01   1.2457e-01   2.6613e-02   3.8585e-04  -1.4298e-04
  -2.7865e-02   2.7205e-01  -1.1028e-02   6.7933e-02  -2.9004e-01
   9.2617e-03  -2.0492e-02  -5.8287e-04   4.7150e-02  -3.9756e-02

  Columns 11 through 12 

   6.7153e-02            0
  -2.5012e-01   1.7197e-01
   1.5640e-02   4.2090e-02
   1.0463e-01  -5.0308e-02
  -1.6003e-01   2.0043e-01
  -1.9012e-02  -2.1045e-02
  -1.1488e-16  -1.3401e-16
  -1.0849e-16   4.3368e-19
   2.7692e-17            0
  -3.3744e-17  -6.9389e-17
   6.7116e-01  -6.1632e-01
   6.6732e-01   7.3869e-01


s =

   4.4831e+02
   2.7630e+02
   7.1683e+01
   5.1125e+01
   4.5672e+01
   4.1977e+01
   3.1737e+01
   1.2482e+01
   4.8322e+00
   4.0780e+00


s^2 =

   2.0098e+05
   7.6342e+04
   5.1385e+03
   2.6138e+03
   2.0859e+03
   1.7621e+03
   1.0072e+03
   1.5581e+02
   2.3350e+01
   1.6630e+01
