x =

  Columns 1 through 5 

  -8.7745e-01  -3.0203e-01   4.2498e-03   2.1027e-02   6.5490e-02
   1.5189e-01  -6.5075e-01  -1.4993e-02  -6.5561e-02   5.1353e-02
   2.0118e-01  -4.6227e-02   2.9414e-01   7.1732e-01   1.2798e-01
  -2.6079e-01   1.2499e-01   5.4617e-02   1.3687e-01   2.9362e-02
  -6.1129e-03  -1.2732e-01  -2.7177e-01   2.9275e-01  -7.3767e-01
   4.5631e-02   7.3417e-02  -1.4775e-01  -3.6156e-01  -7.1819e-02
  -4.7060e-02  -1.4743e-02   5.5802e-01  -1.1514e-01  -5.0111e-01
  -1.3177e-02   2.1691e-02  -4.7770e-01   1.9587e-01   2.4802e-02
   2.2381e-02  -1.5913e-02   1.4675e-01  -2.2987e-02   3.1207e-01
  -9.6527e-03   4.5534e-03   1.0172e-02  -2.5175e-02  -1.8456e-01

  Columns 6 through 10 

   3.2808e-01  -4.0968e-03   1.0410e-01   1.2026e-01   3.4088e-02
  -2.1061e-01  -8.3387e-03  -1.2499e-02   3.9460e-02   1.2430e-02
   1.7426e-01  -5.4246e-02   1.3265e-01   4.9422e-01   2.1164e-01
  -5.7827e-01  -3.4565e-02  -1.9626e-01   8.3639e-02   1.1261e-01
   1.5154e-01   4.4405e-02  -4.1717e-01  -1.2722e-01   2.5472e-01
   1.5818e-02   2.4614e-02   2.7242e-02   4.6019e-01   3.4848e-01
  -1.6913e-01   3.7352e-01   4.9241e-01  -7.9128e-02   7.0410e-02
  -1.3874e-01   1.6020e-01   4.2274e-01  -7.1227e-02   5.8954e-02
   8.8631e-02  -2.5043e-02   3.0063e-03  -5.1389e-01   7.7924e-01
  -5.5065e-02  -6.3240e-01   2.4373e-01  -4.4469e-02   2.7298e-02


eig =

   6.2279e-04
   3.5222e-03
   2.1372e-01
   8.5814e-01
   1.4140e+00
   1.4414e+01
   2.3375e+01
   3.1966e+01
   1.8144e+02
   4.0482e+02
