x =

  Columns 1 through 5 

   4.4235e-01  -9.5913e-02   5.6007e-03   1.5326e-02   2.5054e-02
  -6.5786e-02  -4.3468e-01   3.5787e-02   1.1547e-01  -1.1559e-02
  -9.9647e-02  -5.2781e-02  -1.7545e-01  -3.1900e-01   1.8896e-01
   1.2817e-01   1.0924e-01  -3.9060e-02  -7.9893e-02   4.0435e-02
   5.0005e-03  -8.1067e-02   1.6454e-01  -2.3229e-01  -2.6740e-01
  -2.3891e-02   4.2352e-02   8.6644e-02   1.5628e-01  -9.6326e-02
   2.3705e-02  -4.5477e-03  -3.2241e-01   4.7415e-03  -2.7130e-01
   6.2372e-03   1.5611e-02   2.7535e-01  -1.0464e-01   6.2171e-02
  -1.0919e-02  -1.2791e-02  -8.5983e-02   5.7052e-02   1.3051e-01
   4.7449e-03   4.0019e-03  -4.8035e-03  -1.1794e-02  -8.3862e-02

  Columns 6 through 10 

  -7.6853e-02  -7.5988e-04   1.2870e-02   4.7499e-02   6.4205e-02
   7.5106e-02  -1.6232e-04  -9.7172e-03   6.5325e-02   7.4005e-02
  -9.0249e-02  -4.5849e-04   1.1349e-01  -1.8569e-01  -6.2467e-02
   4.2748e-01   3.0714e-03  -9.6879e-02  -4.0735e-02   3.3316e-03
  -1.0858e-01  -2.9724e-02  -2.2850e-01   1.0894e-01   1.3097e-02
  -4.1451e-02  -1.4675e-03  -1.7365e-03  -1.9774e-01  -4.0699e-01
   6.6152e-02   6.7208e-02   1.7385e-01  -3.3351e-02   8.6061e-02
   1.0465e-01   1.4388e-01   3.2362e-01   1.6081e-02   7.4193e-02
  -4.2553e-02   1.1045e-02   1.7886e-02   4.2989e-01  -1.7159e-01
   2.7391e-02  -4.4656e-01   7.7236e-02  -6.0166e-02   1.2036e-02


eig =

   1.5581e-04
   1.4599e-03
   7.2754e-02
   2.2968e-01
   3.2065e-01
   5.7785e+00
   9.5544e+00
   9.7363e+00
   5.8110e+01
   8.6408e+01
