u =

  Columns 1 through 5 

   6.6136e-02  -1.4146e-01   6.7461e-02  -6.4296e-02  -9.5508e-01
   4.3652e-02  -8.3848e-02   7.2219e-02  -1.0873e-03  -7.4239e-02
  -3.3195e-01   3.1079e-01   3.9498e-01   1.3260e-01  -4.0613e-02
  -2.5167e-01  -1.8276e-01   7.5635e-01   1.4120e-01   5.6569e-02
  -1.9350e-01  -6.8737e-01   1.2374e-01  -1.1259e-01   1.0959e-01
  -8.8304e-01   1.0809e-01  -3.6722e-01  -7.6526e-02  -1.0391e-01
  -2.7830e-02  -3.0031e-01  -1.3207e-01  -3.2995e-02   3.4335e-02
  -4.6881e-02  -5.1528e-01  -2.0938e-01   1.0743e-01   5.2654e-02
  -2.6768e-03  -4.2950e-02  -7.9752e-02   4.5481e-01  -3.1274e-02
  -1.3247e-04  -3.4082e-02  -1.4243e-01   8.4762e-01  -6.1747e-02
   2.8040e-04  -1.0215e-02   1.8214e-02  -1.1520e-02  -2.1423e-01
  -1.3411e-03   1.1666e-03   1.5405e-01   4.1651e-02  -3.2331e-03

  Columns 6 through 10 

  -1.3790e-01   1.2578e-02  -7.2190e-03   2.1081e-02   3.8239e-02
   9.5886e-01  -8.7461e-02   7.5260e-03  -8.7855e-03   2.4987e-02
   2.7731e-02   1.9173e-01  -3.0305e-01   5.3284e-01  -4.4024e-01
  -5.1770e-02   1.6133e-01   2.3147e-01  -4.5690e-01   1.2594e-01
  -9.3851e-02  -5.7682e-01  -8.8550e-02   2.9572e-01  -1.1347e-01
   5.9212e-02  -4.0242e-02   7.4326e-02  -1.3766e-01   1.6434e-01
   3.2389e-02   4.6511e-01   7.0744e-01   3.9394e-01  -1.2703e-01
   3.2991e-02   5.7722e-01  -5.5341e-01  -1.7231e-01  -6.2287e-02
  -6.5148e-03  -8.8924e-02   5.9320e-02  -2.2111e-02   7.3849e-02
  -1.0959e-02  -1.4988e-01   7.7042e-02   4.6774e-02  -2.9391e-02
   2.0357e-01  -2.4303e-02   1.5667e-02  -9.0837e-02  -2.5042e-01
   4.5525e-02   1.2077e-01  -1.5707e-01   4.5232e-01   8.1198e-01


v =

  Columns 1 through 6 

   7.7921e-03  -7.0332e-02   5.8944e-02  -6.0512e-02  -9.8468e-01
   4.1175e-03  -3.3876e-02   5.0914e-02  -2.8837e-03  -1.0088e-01
  -3.9777e-03   1.0956e-02   7.8709e-02   2.1079e-02  -4.5760e-02
  -5.2982e-02   9.4590e-04   8.5044e-01   2.0813e-01   2.9377e-02
  -3.6471e-02  -2.5455e-01   4.0868e-01   4.4853e-03   9.5207e-02
   9.2356e-01  -3.6440e-01   3.3455e-02  -1.8144e-02   3.0208e-02
  -1.6248e-02  -1.5465e-02  -8.7708e-02  -1.3981e-02  -1.2729e-02
  -3.0107e-02  -2.6188e-01  -2.3192e-01   3.3609e-02   3.8409e-02
  -3.7635e-01  -8.4979e-01  -5.3386e-02  -8.0877e-02   3.7441e-02
  -1.1722e-03  -7.2438e-02  -1.7897e-01   9.7178e-01  -6.5185e-02

  Columns 7 through 10 

  -1.1631e-01   1.0384e-02  -1.6061e-02   1.3155e-02  -6.4716e-02
   9.6677e-01  -1.0069e-01   3.5988e-02  -1.1375e-01  -1.6443e-01
   1.9380e-01   4.7203e-02  -2.7211e-01   7.1286e-01   6.0756e-01
  -3.6074e-03   4.0157e-01   7.2340e-02  -2.1193e-01   1.3547e-01
  -1.0216e-01  -4.1688e-01  -6.4711e-02   4.8669e-01  -5.7663e-01
  -7.8766e-03  -4.0883e-03   3.7314e-02  -4.9787e-02   8.9147e-02
   2.9706e-02   2.2566e-01   9.0198e-01   3.5402e-01  -2.7352e-02
   5.2089e-02   7.6060e-01  -3.0630e-01   1.9253e-01  -4.0250e-01
  -8.2205e-03  -9.7778e-02   7.6089e-02  -1.7873e-01   2.7941e-01
  -9.5389e-03  -1.1603e-01   2.0414e-02   1.0792e-02  -5.6031e-03


s =

   4.2474e+02
   1.0202e+02
   6.0315e+01
   5.5031e+01
   5.0673e+01
   4.1778e+01
   3.7158e+01
   1.2719e+01
   1.1075e+01
   9.1507e+00


s^2 =

   1.8040e+05
   1.0408e+04
   3.6379e+03
   3.0284e+03
   2.5677e+03
   1.7454e+03
   1.3807e+03
   1.6176e+02
   1.2265e+02
   8.3736e+01
